OFFICE_WIFI_CIDR=192.168.0.0/24
#OFFICE_WIFI_IP=
OFFICE_LAT=16.51269865608437
OFFICE_LNG=80.62553365804501
OFFICE_RADIUS_M=80


